|         17         |     12.059863      |      1.506090      |      1.522133      |      1.065223      |     54.237812      |      0.428305      |    5.365932e-08    |      8.688843      |
----------------------------------------------------------------------------------------------------------------------------------------------------------------------------------------------
|         18         |     11.342974      |      1.497544      |      1.514246      |      1.115282      |     54.447159      |      0.385979      |    4.752802e-08    |      8.688843      |
----------------------------------------------------------------------------------------------------------------------------------------------------------------------------------------------
|         19         |     12.041207      |      1.488781      |      1.508447      |      1.320974      |     54.562815      |      0.212419      |    6.733981e-08    |      8.688843      |
----------------------------------------------------------------------------------------------------------------------------------------------------------------------------------------------
|         20         |     12.083849      |      1.480986      |      1.501713      |      1.399519      |     54.673092      |      0.202110      |    5.309669e-08    |      8.688843      |
----------------------------------------------------------------------------------------------------------------------------------------------------------------------------------------------
|         21         |     11.493664      |      1.474126      |      1.495362      |      1.440595      |     54.853749      |      0.330431      |    5.387552e-08    |      8.688843      |
----------------------------------------------------------------------------------------------------------------------------------------------------------------------------------------------
|         22         |     11.431560      |      1.467327      |      1.490170      |      1.556779      |     54.967612      |      0.207576      |    4.475043e-08    |      8.688843      |
----------------------------------------------------------------------------------------------------------------------------------------------------------------------------------------------
|         23         |     10.807241      |      1.461237      |      1.486842      |      1.752283      |     54.955508      |     -0.022019      |    5.244586e-08    |      8.688843      |
----------------------------------------------------------------------------------------------------------------------------------------------------------------------------------------------
|         24         |     11.357683      |      1.455291      |      1.481271      |      1.785224      |     55.219993      |      0.459146      |    4.630832e-08    |      8.688843      |
----------------------------------------------------------------------------------------------------------------------------------------------------------------------------------------------
|         25         |     11.911990      |      1.449630      |      1.477184      |      1.900728      |     55.311891      |      0.166420      |    4.782747e-08    |      8.688843      |
----------------------------------------------------------------------------------------------------------------------------------------------------------------------------------------------
|         26         |     11.666036      |      1.444719      |      1.472197      |      1.901980      |     55.446375      |      0.243137      |    5.018095e-08    |      8.688843      |
----------------------------------------------------------------------------------------------------------------------------------------------------------------------------------------------
|         27         |     11.632911      |      1.439347      |      1.469589      |      2.101097      |     55.365684      |     -0.145529      |    4.413392e-08    |      8.688843      |
----------------------------------------------------------------------------------------------------------------------------------------------------------------------------------------------
|         28         |     11.568645      |      1.434923      |      1.465087      |      2.102104      |     55.592065      |      0.262760      |    5.065249e-08    |      8.688843      |
----------------------------------------------------------------------------------------------------------------------------------------------------------------------------------------------
|         29         |     11.906006      |      1.430273      |      1.462665      |      2.264788      |     55.600583      |      0.015321      |    5.162814e-08    |      8.688843      |
----------------------------------------------------------------------------------------------------------------------------------------------------------------------------------------------
|       Epoch        |   Epoch Time (s)   |   Training Loss    |     Test Loss      |    Overfit (%)     |    Accuracy (%)    |   Δ Accuracy (%)   | Avg Inference Time |  GPU Memory (GiB)  |
----------------------------------------------------------------------------------------------------------------------------------------------------------------------------------------------
|         30         |     11.905731      |      1.426238      |      1.458693      |      2.275556      |     55.762860      |      0.291863      |    5.071206e-08    |      8.688843      |
----------------------------------------------------------------------------------------------------------------------------------------------------------------------------------------------
|         31         |     11.523376      |      1.422176      |      1.456106      |      2.385793      |     55.829654      |      0.119782      |    5.049357e-08    |      8.688843      |
----------------------------------------------------------------------------------------------------------------------------------------------------------------------------------------------
|         32         |     11.307842      |      1.418278      |      1.453594      |      2.490110      |     55.855654      |      0.046571      |    6.104277e-08    |      8.688843      |
----------------------------------------------------------------------------------------------------------------------------------------------------------------------------------------------
|         33         |     11.677456      |      1.414527      |      1.453112      |      2.727778      |     55.847585      |     -0.014446      |    6.008758e-08    |      8.688843      |
----------------------------------------------------------------------------------------------------------------------------------------------------------------------------------------------
|         34         |     11.630725      |      1.411349      |      1.450118      |      2.746929      |     55.942620      |      0.155698      |    4.724720e-08    |      8.688843      |
----------------------------------------------------------------------------------------------------------------------------------------------------------------------------------------------
|         35         |     11.489614      |      1.407638      |      1.446081      |      2.731037      |     56.073070      |      0.233184      |    4.906622e-08    |      8.688843      |
----------------------------------------------------------------------------------------------------------------------------------------------------------------------------------------------
|         36         |     11.419707      |      1.404644      |      1.444535      |      2.839940      |     56.150622      |      0.138306      |    4.555172e-08    |      8.688843      |
----------------------------------------------------------------------------------------------------------------------------------------------------------------------------------------------
|         37         |     12.029697      |      1.401287      |      1.442010      |      2.906112      |     56.150622      |      0.000000      |    8.442216e-08    |      8.688843      |
----------------------------------------------------------------------------------------------------------------------------------------------------------------------------------------------
|         38         |     11.508957      |      1.398435      |      1.441646      |      3.089956      |     56.212933      |      0.110971      |    7.808120e-08    |      8.688843      |
----------------------------------------------------------------------------------------------------------------------------------------------------------------------------------------------
|         39         |     12.121105      |      1.395855      |      1.437912      |      3.013011      |     56.215623      |      0.004785      |    5.673605e-08    |      8.688843      |
----------------------------------------------------------------------------------------------------------------------------------------------------------------------------------------------
|         40         |     11.538646      |      1.392505      |      1.436670      |      3.171612      |     56.262692      |      0.083730      |    4.528845e-08    |      8.688843      |
----------------------------------------------------------------------------------------------------------------------------------------------------------------------------------------------
|         41         |     12.300669      |      1.389973      |      1.435268      |      3.258718      |     56.320072      |      0.101986      |    6.949431e-08    |      8.688843      |
----------------------------------------------------------------------------------------------------------------------------------------------------------------------------------------------
|         42         |     12.219333      |      1.387416      |      1.432843      |      3.274194      |     56.404797      |      0.150435      |    7.610007e-08    |      8.688843      |
----------------------------------------------------------------------------------------------------------------------------------------------------------------------------------------------
|         43         |     12.658199      |      1.385067      |      1.432084      |      3.394551      |     56.420486      |      0.027816      |    9.010579e-08    |      8.688843      |
----------------------------------------------------------------------------------------------------------------------------------------------------------------------------------------------
|         44         |     11.588930      |      1.382743      |      1.430160      |      3.429203      |     56.387314      |     -0.058795      |    5.357387e-08    |      8.688843      |
----------------------------------------------------------------------------------------------------------------------------------------------------------------------------------------------
|       Epoch        |   Epoch Time (s)   |   Training Loss    |     Test Loss      |    Overfit (%)     |    Accuracy (%)    |   Δ Accuracy (%)   | Avg Inference Time |  GPU Memory (GiB)  |
----------------------------------------------------------------------------------------------------------------------------------------------------------------------------------------------
|         45         |     11.958220      |      1.380209      |      1.429425      |      3.565787      |     56.454556      |      0.060385      |    4.630203e-08    |      8.688843      |
----------------------------------------------------------------------------------------------------------------------------------------------------------------------------------------------
|         46         |     11.739239      |      1.378365      |      1.427944      |      3.596936      |     56.537039      |      0.146106      |    5.421518e-08    |      8.688843      |
----------------------------------------------------------------------------------------------------------------------------------------------------------------------------------------------
|         47         |     12.158042      |      1.375725      |      1.426819      |      3.713956      |     56.549143      |      0.021408      |    5.167410e-08    |      8.688843      |
----------------------------------------------------------------------------------------------------------------------------------------------------------------------------------------------
|         48         |     11.460421      |      1.373498      |      1.425426      |      3.780712      |     56.593522      |      0.078480      |    7.304941e-08    |      8.688843      |
----------------------------------------------------------------------------------------------------------------------------------------------------------------------------------------------
|         49         |     12.124907      |      1.371428      |      1.423964      |      3.830760      |     56.610557      |      0.030100      |    5.496822e-08    |      8.688843      |
----------------------------------------------------------------------------------------------------------------------------------------------------------------------------------------------

Training Time: 346.1050305366516 seconds

/home/jaskin/Intro_Deep_Learning/HM3/jlib/classifier.py:237: UserWarning: To copy construct from a tensor, it is recommended to use sourceTensor.clone().detach() or sourceTensor.clone().detach().requires_grad_(True), rather than torch.tensor(sourceTensor).
  self.last_pred = torch.tensor(Y_pred_eval)
Model has 148801 parameters